$ 1 0.000005 10.20027730826997 50 5 50
R 48 80 48 32 0 0 40 0.429 0 0 0.5
w 48 80 80 80 0
d 80 80 176 80 2 1N4148
g 432 80 512 80 0
r 304 80 432 80 0 100
p 304 80 304 32 1 0
w 272 80 304 80 0
w 272 160 304 160 0
p 304 160 304 112 1 0
r 304 160 432 160 0 100
g 432 160 512 160 0
d 176 160 80 160 2 1N4148
w 48 160 80 160 0
R 48 160 48 112 0 0 40 5.4 0 0 0.5
R 48 240 48 192 0 0 40 1.32 0 0 0.5
w 48 240 80 240 0
g 432 240 512 240 0
r 304 240 432 240 0 100
p 304 240 304 192 1 0
w 272 240 304 240 0
w 272 320 304 320 0
p 304 320 304 272 1 0
r 304 320 432 320 0 100
g 432 320 512 320 0
w 48 320 80 320 0
R 48 320 48 272 0 0 40 5.4 0 0 0.5
z 80 240 176 240 2 default-zener
z 176 320 80 320 2 default-zener
370 176 80 272 80 1 0
370 176 160 272 160 1 0
370 176 240 272 240 1 0
370 176 320 272 320 1 0
o 2 64 0 4099 0.625 0.003125 0 2 2 3
38 0 0 0 3.3 Voltage
38 13 0 0 12 Voltage
38 14 0 0 3.3 Voltage
38 25 0 0 12 Voltage
