$ 1 0.000005 10.20027730826997 50 5 43
r 176 80 384 80 0 170.83
v 176 352 176 80 0 0 40 12.23 0 0 0.5
181 496 80 496 352 0 800.5051537132393 1 12 0.04 0.04
w 176 352 384 352 0
370 384 80 496 80 1 0
w 176 80 176 48 0
w 384 80 384 48 0
p 176 48 384 48 1 0
p 560 80 560 352 1 0
w 496 80 560 80 0
w 496 352 560 352 0
s 384 160 384 80 0 0 false
34 zvoltage\q4 0 1.7143528192808883e-7 0 2 5.1
z 384 352 384 256 2 zvoltage\q4
r 384 160 384 256 0 5
p 176 80 112 80 1 0
368 384 160 432 160 0 0
s 384 352 496 352 0 0 false
o 2 64 0 4099 5 0.1 0 2 2 3
o 15 64 0 4099 10 6.4 1 2 15 3
38 0 0 1 1000 Resistance
38 1 0 11 14 Voltage
