$ 1 0.000005 10.20027730826997 50 5 50
R 48 144 48 32 0 0 40 0.7 0 0 0.5
w 48 144 80 144 0
t 80 144 128 144 0 1 0.6796940766347597 0.7 100
R 128 64 128 32 0 0 40 5 0 0 0.5
r 128 128 128 64 0 1000
g 128 160 128 240 0
g 272 224 272 240 0
r 272 224 272 160 0 1000
R 272 128 272 32 0 0 40 5 0 0 0.5
t 224 144 272 144 0 1 -4.3 0.5467856641509181 100
w 192 144 224 144 0
R 192 144 192 32 0 0 40 0.7 0 0 0.5
R 336 144 336 32 0 0 40 0.7 0 0 0.5
w 336 144 368 144 0
R 416 64 416 32 0 0 40 5 0 0 0.5
g 416 160 416 240 0
g 560 224 560 240 0
r 560 224 560 160 0 1000
R 560 128 560 32 0 0 40 1.4 0 0 0.5
w 480 144 512 144 0
R 480 144 480 32 0 0 40 0.7 0 0 0.5
t 368 144 416 144 0 -1 0.7 -0.6289431734420949 100
t 512 144 560 144 0 -1 -0.6814337552796588 -0.7 100
r 416 128 416 64 0 1000
38 18 0 0 5 Voltage
