$ 1 0.000005 10.20027730826997 50 5 50
R 64 64 64 16 0 0 40 9 0 0 0.5
r 64 64 64 112 0 4700
r 64 112 64 160 0 8200
g 64 160 64 176 0
368 64 112 16 112 0 0
368 64 64 16 64 0 0
s 64 112 176 112 0 0 false
s 64 64 176 64 0 1 false
370 256 64 368 64 1 0
370 256 112 368 112 1 0
g 368 64 368 16 0
g 368 112 368 160 0
r 176 64 256 64 0 10
r 176 112 256 112 0 10
r 176 304 256 304 0 10
r 176 256 256 256 0 10
g 368 304 368 352 0
g 368 256 368 208 0
370 256 304 368 304 1 0
370 256 256 368 256 1 0
s 64 256 176 256 0 1 false
s 64 304 176 304 0 0 false
368 64 256 16 256 0 0
368 64 304 16 304 0 0
g 64 352 64 368 0
r 64 304 64 352 0 82
r 64 256 64 304 0 47
R 64 256 64 208 0 0 40 9 0 0 0.5
