$ 1 0.000005 10.20027730826997 55 5 50
R 64 96 64 32 0 0 40 5 0 0 0.5
r 64 176 64 256 0 1000.5
r 64 96 64 176 0 1000.5
g 64 256 64 320 0
368 64 96 128 96 0 0
368 64 176 128 176 0 0
368 64 256 128 256 0 0
R -128 96 -128 32 0 0 40 5 0 0 0.5
r -128 96 -128 176 0 1000
r -128 176 -128 256 0 1000.5
g -128 256 -128 320 0
368 -128 96 -64 96 0 0
368 -128 176 -64 176 0 0
368 -128 256 -64 256 0 0
x -178 -5 -68 -2 4 24 Reference
x 41 -5 85 -2 4 24 Test
38 2 0 1 2000 Resistance
38 1 0 1 2000 Resistance
