$ 1 0.000005 10.20027730826997 50 5 50 5e-11
w 672 320 672 368 0
w 624 368 672 368 0
a 672 384 768 384 8 1 0 1000000 0 0 100000
g 672 400 672 448 0 0
r 672 320 768 320 0 10
s 304 432 384 432 0 0 false
s 304 384 384 384 0 0 false
s 304 336 384 336 0 0 false
s 304 288 384 288 0 1 false
s 304 240 384 240 0 1 false
s 304 192 384 192 0 0 false
s 304 144 384 144 0 1 false
s 304 96 384 96 0 1 false
r 464 432 384 432 0 1000
r 464 384 384 384 0 680
r 464 336 384 336 0 330
r 464 288 384 288 0 150
r 464 240 384 240 0 100
r 464 192 384 192 0 47
r 464 144 384 144 0 33
r 464 96 384 96 0 10
w 464 288 464 336 0
w 464 336 464 384 0
w 464 384 464 432 0
w 464 240 464 288 0
w 464 288 624 288 0
w 560 368 560 400 0
w 768 384 768 320 0
r 624 144 752 144 0 4
g 752 144 816 144 0 0
p 624 80 752 80 1 0 0
w 624 80 624 144 0
w 752 80 752 144 0
R 304 96 240 96 0 0 40 3.3 0 0 0.5
r 624 144 624 208 0 3
s 624 288 624 368 0 1 false
s 624 208 624 288 0 0 false
p 672 272 800 272 1 0 0
w 672 272 672 320 0
g 800 272 800 336 0 0
w 464 96 464 144 0
w 464 144 464 192 0
w 464 192 464 240 0
R 304 144 240 144 0 0 40 3.3 0 0 0.5
R 304 240 240 240 0 0 40 3.3 0 0 0.5
R 304 192 240 192 0 0 40 3.3 0 0 0.5
R 304 288 240 288 0 0 40 3.3 0 0 0.5
R 304 336 240 336 0 0 40 3.3 0 0 0.5
R 304 384 240 384 0 0 40 3.3 0 0 0.5
R 304 432 240 432 0 0 40 3.3 0 0 0.5
368 624 144 576 96 0 0
368 624 208 560 160 0 0
o 1 64 0 4099 0.0000762939453125 0.00009765625 0 2 1 3
o 27 64 0 4099 0.0000762939453125 0.00009765625 1 2 27 3
38 28 0 1 50 Resistance
38 34 0 1 50 Resistance
38 4 0 1 50 Feedback
