$ 1 0.000005 10.20027730826997 50 5 43
r 176 80 304 80 0 170.83
v 176 352 176 80 0 0 40 12.8 0 0 0.5
181 496 80 496 352 0 791.4624800347417 1 12 0.01 0.01
w 176 352 384 352 0
370 400 80 496 80 1 0
p 560 80 560 352 1 0
w 496 80 560 80 0
w 496 352 560 352 0
34 zvoltage\q5 0 1.7143528192810002e-7 0 2 5.1
z 384 352 384 208 2 zvoltage\q5
r 304 80 304 208 0 5
p 176 80 112 80 1 0
368 384 208 448 208 0 0
s 384 352 496 352 0 0 false
t 384 208 384 80 1 1 -0.0023560810768907814 0.6952051177309362 100
w 304 80 368 80 0
w 304 208 384 208 0
o 2 64 0 4099 5 0.1 0 2 2 3
o 11 64 0 4099 10 6.4 1 2 11 3
38 0 0 1 1000 Resistance
38 1 0 11 14 Voltage
